834.2
791.0
1107.8
1064.7
864.1
918.1
1031.4
946.9
521.6
639.0
1126.6
1052.9
912.1
1194.3
1171.0
486.7
1034.5
1052.6
1337.6
1078.1
1320.8
1364.8
1283.4
1374.7
870.6
735.3
1251.1
1395.2
1343.4
1365.7
1128.5
1386.2
1101.8
1179.8
1334.9
1113.9
731.7
1101.6
1365.9
1270.2
1205.9
1333.7
1379.9
1383.0
1393.4
1399.5
1056.0
894.8
1354.1
1345.9
1101.4
1298.6
973.5
1173.7
1382.2
1399.6
1325.0
1357.4
1270.0
923.7
1054.0
1354.2
1335.3
1356.7
1334.0
1231.9
1260.4
1270.0
1306.9
1178.6
1120.6
1297.4
1344.0
1430.1
1425.3
1396.5
1350.4
1277.9
1038.0
948.3
1337.4
