1160.1
1152.9
159.6
1174.3
1128.7
1164.9
1138.5
1157.7
1161.3
1073.1
1058.7
1180.3
74.6
1052.2
1148.4
1108.3
671.0
1198.2
1140.9
27.9
1097.8
84.2
970.3
686.4
650.5
977.7
1115.8
724.7
953.9
1165.1
1136.5
1136.2
849.5
885.0
156.3
12.5
822.5
1058.6
1.5
981.8
1035.3
1179.2
1072.3
834.3
82.5
153.2
106.3
60.7
108.3
7.4
624.2
1037.3
1190.6
456.3
984.9
245.5
74.4
72.9
22.9
1074.4
282.5
1.9
1091.0
289.4
577.6
721.0
732.6
676.1
495.0
864.2
470.3
921.6
916.3
668.5
928.7
852.1
995.9
1059.4
968.2
1029.7
682.3
