1169.9
1182.8
1215.5
1159.0
1187.2
1198.6
1192.8
1192.5
1174.2
1177.3
1136.3
1114.5
1190.8
1210.5
1207.0
1194.6
1178.0
1206.9
1194.6
1189.9
1180.5
1135.8
1145.7
1107.5
1186.1
1207.0
1198.0
1191.2
1156.0
1177.0
1160.4
1157.0
1167.4
1156.5
1147.6
1091.6
1168.3
1173.4
1161.6
1175.5
1177.5
1182.6
1204.3
1164.0
1154.3
1144.8
994.5
1104.7
1148.6
1157.6
1168.3
1220.1
1196.5
1210.7
1167.5
1202.3
1154.6
452.0
1094.2
1120.9
1098.8
1174.3
1211.7
1191.4
1165.6
1150.9
1160.8
1172.5
1182.2
1183.5
1110.5
1106.9
1167.3
1162.6
1165.5
1158.8
1164.9
1173.0
1180.9
1160.6
1186.9
1139.3
1131.4
1086.6
1174.2
1158.9
1142.6
1159.9
1168.0
1158.9
1178.0
1180.9
1151.8
1138.9
1091.1
1098.9
