1210.9
1210.2
954.7
1259.2
1262.8
1217.6
1282.2
1168.4
1257.7
49.4
1178.5
1133.5
1137.7
1260.6
1163.0
1300.2
1219.7
1240.6
1290.6
1320.9
1385.8
1258.7
1229.4
1243.8
1226.6
1293.6
1250.5
1328.4
1325.8
1174.7
1166.8
779.1
1309.1
1296.4
34.9
1159.1
1142.6
1309.8
1322.8
1334.7
1305.3
1241.4
1260.0
1302.9
1295.1
1362.1
1234.1
1140.7
1251.0
1227.9
1181.0
1204.6
1295.4
1172.4
1214.4
1237.1
1264.4
1248.0
1138.7
1154.7
1207.6
1224.8
1245.2
1216.3
1326.2
1144.4
1307.4
1313.7
1265.6
1202.9
1183.6
1210.5
1152.0
1170.1
1168.7
1155.4
1192.6
156.1
1204.4
1207.7
1289.2
1282.9
1229.7
1168.6
1252.4
220.3
184.2
440.6
1329.1
1308.7
1271.1
1221.8
208.0
3.9
