1293.2
1308.6
71.5
1339.0
1282.5
1345.9
556.9
1383.2
1393.5
1090.9
527.7
1321.3
1286.8
1328.2
1299.4
500.9
1202.1
968.5
1334.8
1364.3
1298.5
1354.9
1349.6
1070.0
1373.6
1363.6
1270.0
1349.0
1340.4
1295.5
1344.2
171.0
356.9
86.9
1244.9
149.4
1303.1
1292.3
1341.3
1324.7
1322.2
1316.7
1339.3
1299.2
1286.3
823.7
135.7
1241.6
1334.4
356.4
1289.4
1265.8
1313.6
1299.3
1305.3
1035.3
1344.5
1338.5
1180.9
1257.9
1336.2
1310.0
376.6
1379.3
1325.5
56.8
1327.6
1316.6
94.1
1265.8
1344.4
375.0
1332.5
1356.7
1183.9
204.6
1232.2
1214.3
57.6
680.1
203.7
1218.7
1371.3
1314.7
1183.7
1330.3
1267.5
1360.7
1322.5
1249.8
1230.5
1347.5
260.8
